Red,Green,Blue,Count,Hex Code
0,0,0,1435,#000000
33,48,99,421,#213063
66,66,66,320,#424242
70,106,142,135,#466A8E
79,75,65,493,#4F4B41
88,113,65,90,#587141
92,114,148,310,#5C7294
98,93,80,1211,#625D50
115,159,193,87,#739FC1
116,142,182,2140,#748EB6
123,181,71,298,#7BB547
133,123,97,545,#857B61
142,144,120,9174,#8E9078
147,180,206,44,#93B4CE
164,152,120,573,#A49878
176,166,156,2379,#B0A69C
184,210,230,28,#B8D2E6
188,150,106,200,#BC966A
188,180,172,208,#BCB4AC
209,237,164,197,#D1EDA4
219,190,127,94,#DBBE7F
227,216,204,86,#E3D8CC
230,232,232,28558,#E6E8E8
231,214,193,270,#E7D6C1
236,236,236,185,#ECECEC
240,234,218,651,#F0EADA
252,251,248,298,#FCFBF8
255,253,227,2301,#FFFDE3
255,255,255,29189,#FFFFFF
